  Frame #         RMSD         rGyr      intraHB        MolSA         SASA          PSA
        0        0.000        6.092            0      353.715       96.744       99.513
        1        2.695        4.900            0      351.512       48.467       91.427
        2        2.725        5.012            0      347.690       49.018       94.657
        3        2.655        4.949            0      347.235       33.612       91.737
        4        2.731        4.694            0      330.393       48.082       94.891
        5        2.923        4.658            0      339.541       36.307       92.303
        6        2.583        4.925            0      335.876       57.042       96.255
        7        2.711        5.187            0      342.126       64.157       93.847
        8        2.430        5.170            0      350.669       47.060       96.556
        9        1.394        5.743            0      351.443       77.455       94.338
       10        1.244        5.986            0      349.361      107.007       98.163
       11        1.350        5.722            0      344.541       79.521       99.797
       12        1.105        5.865            0      347.327       93.384       90.808
       13        1.236        6.241            0      355.696       85.461       89.832
       14        1.187        6.096            0      350.871       89.059       95.410
       15        1.023        6.118            0      357.214       87.757       93.414
       16        1.335        6.365            0      358.943       98.578       99.144
       17        1.464        6.544            0      360.264       97.200      100.336
       18        1.332        6.292            0      352.740       81.940      100.430
       19        1.246        6.150            0      352.854       72.250       96.763
       20        1.163        6.374            0      357.410       94.213       99.366
       21        1.348        6.199            0      355.739       89.433       99.398
       22        1.381        6.063            0      352.473       94.860       95.873
       23        1.190        6.237            0      353.324       92.787       98.595
       24        1.396        5.930            0      349.453      133.221       99.567
       25        1.399        6.054            0      356.949       91.538       99.014
       26        1.279        5.766            0      349.399       89.275       98.867
       27        1.330        6.205            0      354.777       94.274       97.496
       28        1.187        5.921            0      353.402       94.087       94.652
       29        1.298        5.823            0      346.562       85.082       94.261
       30        1.344        6.194            0      352.029       80.013       94.764
       31        1.271        5.998            0      354.219       78.210       98.929
       32        1.401        6.137            0      357.096       87.918      100.647
       33        1.614        5.753            0      348.325       93.014       93.569
       34        1.790        5.877            0      352.214      130.503       90.366
       35        1.482        6.073            0      353.622      104.782       93.522
       36        1.544        5.832            0      348.438       91.314       93.900
       37        1.495        5.997            0      350.853       79.126       95.540
       38        1.273        6.543            0      357.270      100.123       99.581
       39        1.200        6.189            0      354.615       90.217       99.250
       40        1.473        6.193            0      354.717      127.492       99.559
       41        1.613        5.996            0      351.432       96.418       95.747
       42        1.611        6.365            0      357.121       89.720       98.325
       43        1.464        6.085            0      352.410       94.064       99.674
       44        1.762        5.735            0      348.972       91.879       95.537
       45        1.685        5.852            0      351.378      111.327      100.164
       46        1.598        6.182            0      356.316      108.729       97.218
       47        1.659        5.966            0      352.477       94.426       98.155
       48        1.656        5.807            0      348.926       91.189       98.199
       49        1.447        5.780            0      351.671      107.435       95.355
       50        1.639        6.054            0      357.508       96.377       97.951
       51        1.145        5.964            0      353.658       72.702       94.858
       52        1.200        6.038            0      351.310       93.093       93.845
       53        1.110        5.978            0      349.047       80.385       98.440
       54        1.273        6.103            0      353.783       88.804       94.133
       55        1.396        6.102            0      354.307      105.256       95.959
       56        1.773        5.912            0      352.530       86.325       92.574
       57        1.399        5.914            0      348.368      111.693       95.193
       58        1.494        5.996            0      354.193       95.374       94.895
       59        1.733        5.985            0      353.309      102.857      101.524
       60        1.528        6.161            0      355.198       87.034       94.818
       61        1.765        5.740            0      350.414       74.278       95.682
       62        1.697        5.951            0      356.475       69.865       93.987
       63        1.742        5.774            0      353.464       62.123       90.925
       64        1.761        5.574            0      349.848       52.574       96.240
       65        1.402        6.127            0      352.962       79.370       95.115
       66        1.366        5.939            0      350.171       55.215       94.638
       67        1.319        5.914            0      348.673       87.350       91.915
       68        1.656        6.018            0      353.297      133.142       94.747
       69        1.403        6.223            0      352.164      113.676       96.874
       70        1.274        5.938            0      349.973       89.437       96.186
       71        1.310        5.859            0      349.617       97.189       91.214
       72        1.307        6.186            0      351.114       96.630       91.727
       73        1.192        6.151            0      355.897       86.812       95.448
       74        1.197        5.996            0      352.551       92.381       93.961
       75        1.296        6.054            0      351.134       63.226       93.654
       76        1.381        6.236            0      356.118       72.599      101.010
       77        1.309        6.364            0      355.945       65.420       93.192
       78        1.332        5.907            0      351.682       80.008       97.255
       79        1.343        6.036            0      349.142       86.488       95.752
       80        1.283        6.067            0      356.501       64.243       94.716
       81        1.224        6.285            0      357.958       80.355       95.121
       82        1.317        6.109            0      353.669       71.246       92.194
       83        1.317        6.134            0      354.660       64.190       95.579
       84        1.502        6.605            0      359.186      108.331      100.668
       85        1.678        5.682            0      348.130       61.961       94.348
       86        1.404        6.625            0      360.283       90.498       99.618
       87        1.277        5.940            0      352.439       77.346       93.700
       88        1.307        5.913            0      351.378      118.972       95.320
       89        1.580        5.665            0      351.196       73.696       95.183
       90        1.332        5.952            0      352.496       84.575       95.324
       91        1.173        6.081            0      351.888       65.199       94.129
       92        1.386        5.692            0      346.084       65.839       93.549
       93        1.230        5.805            0      350.436       70.545       94.140
       94        1.329        5.892            0      352.991       65.646       93.023
       95        1.499        5.707            0      347.185       59.286       93.662
       96        1.322        6.061            0      358.090       88.623       96.324
       97        1.409        5.780            0      347.741       88.079       96.177
       98        1.181        6.394            0      357.906      105.498       98.297
       99        2.206        5.151            0      346.971      107.812       93.389
      100        1.880        5.488            0      350.036       73.324       97.517
      101        1.752        5.780            0      351.404       80.705       98.551
      102        1.643        5.846            0      355.290       79.945       96.857
      103        1.956        5.412            0      350.419       93.026       99.120
      104        1.882        5.661            0      351.796       80.385       95.844
      105        2.035        5.350            0      350.435      120.152       93.151
      106        1.684        5.504            0      351.926      100.058       98.195
      107        1.876        5.378            0      348.037      108.796       99.882
      108        2.083        5.128            0      343.025       82.867       96.879
      109        2.362        4.878            0      336.104       77.188       95.587
      110        1.995        5.528            0      349.942      112.989       95.022
      111        1.925        5.406            0      349.869       91.230      100.093
      112        2.180        5.414            0      350.715      145.012       97.670
      113        2.444        5.046            0      344.613      105.111       97.390
      114        2.709        5.053            0      344.230      140.672       97.808
      115        2.742        4.784            0      333.117       91.420       97.135
      116        2.903        4.937            0      347.943       83.572       98.484
      117        3.803        4.420            0      345.304       61.170       96.557
      118        4.585        4.037            0      322.560       55.375       88.024
      119        4.207        4.439            0      331.408       43.153       96.115
      120        4.081        4.561            0      340.457       47.782       98.103
      121        3.561        4.833            0      343.905       41.462       99.686
      122        3.441        4.623            0      336.450       45.292       97.044
      123        3.610        4.739            0      346.731       40.989       96.742
      124        3.370        4.636            0      342.165       56.361       94.482
      125        3.462        4.918            0      360.838       82.786      100.222
      126        3.204        4.866            0      345.260       65.628       99.717
      127        2.870        5.210            0      350.627       62.228       97.319
      128        2.631        5.310            0      350.419       83.337       99.966
      129        3.034        5.082            0      349.587       99.994       97.176
      130        3.347        4.812            0      346.182       80.472       98.199
      131        3.631        4.795            0      344.035       62.809       99.107
      132        3.397        4.844            0      341.169       81.678       98.008
      133        3.374        4.767            0      343.741       56.837       97.054
      134        3.926        4.537            0      342.071       86.339       95.676
      135        4.872        3.820            0      309.297       83.045       79.375
      136        4.542        3.760            0      310.212       81.374       76.590
      137        4.700        3.729            0      310.720       46.545       81.942
      138        4.582        3.947            0      320.785       61.144       80.784
      139        4.715        3.806            0      320.211       71.336       69.921
      140        5.006        3.691            0      308.408       85.009       70.811
      141        4.913        3.868            0      313.722      103.886       75.730
      142        4.556        4.129            0      317.619      124.694       76.003
      143        4.440        4.086            0      338.316       93.659       77.393
      144        4.351        4.054            0      323.899       99.178       79.178
      145        4.229        4.188            0      331.741       77.838       85.316
      146        4.847        3.924            0      317.732       94.021       76.709
      147        3.406        4.753            0      338.258       82.780       94.434
      148        4.121        4.522            0      331.646       68.948       99.177
      149        3.529        4.828            0      333.887       65.210       96.247
      150        3.752        4.703            0      329.856       50.129       97.132
      151        3.760        4.673            0      333.811       72.545       97.615
      152        4.034        4.425            0      329.722       74.077       96.584
      153        4.030        4.359            0      330.963       69.184       96.526
      154        4.177        4.305            0      328.513       56.772       96.131
      155        4.020        4.366            0      334.318       56.666       95.600
      156        3.882        4.508            0      331.283       63.494       94.743
      157        4.036        4.390            0      333.182       63.701       96.985
      158        4.109        4.404            0      333.428       66.079       97.540
      159        4.115        4.388            0      331.104       50.237       98.137
      160        4.037        4.483            0      326.364       79.222       95.865
      161        3.865        4.491            0      326.939       76.616       96.020
      162        3.970        4.463            0      326.264       75.040       97.039
      163        4.203        4.311            0      324.590       63.424       98.141
      164        4.247        4.170            0      327.859       40.742       96.481
      165        3.956        4.420            0      324.800       53.557       94.190
      166        4.455        4.252            0      328.362       53.068       97.262
      167        4.149        4.210            0      320.156       45.272       95.449
      168        4.292        4.312            0      321.628       49.740       99.824
      169        4.167        4.305            0      321.833       52.076       98.790
      170        4.176        4.255            0      327.700       44.681       97.894
      171        4.358        4.174            0      328.915       45.151       97.224
      172        3.833        4.593            0      344.198       26.284       97.882
      173        3.866        4.480            0      337.746       22.342       98.224
      174        3.806        4.563            0      339.181       18.930       97.495
      175        4.189        4.463            0      344.184       39.176       95.537
      176        3.947        4.545            0      334.293       35.356       97.978
      177        3.758        4.574            0      337.470       45.074       97.684
      178        4.149        4.400            0      326.150       23.565       99.136
      179        3.775        4.643            0      347.330       20.466       97.896
      180        3.940        4.418            0      345.922        6.480       97.938
      181        4.190        4.323            0      333.627       20.758       98.314
      182        3.883        4.302            0      331.901        8.971       98.687
      183        3.743        4.692            0      342.379       13.834       96.872
      184        3.678        4.714            0      351.315       26.773       96.854
      185        3.866        4.638            0      345.160       12.025       98.914
      186        3.964        4.600            0      342.452       35.517       98.961
      187        4.121        4.512            0      335.514       69.305       97.082
      188        4.159        4.352            0      329.035       43.492       96.941
      189        3.861        4.640            0      339.976       75.476       96.836
      190        4.038        4.612            0      335.467       46.317       98.193
      191        4.142        4.573            0      336.725       49.835      100.881
      192        4.468        4.227            0      324.674       59.686       91.917
      193        4.021        4.489            0      333.249       42.328       96.113
      194        4.046        4.527            0      339.454       66.100       98.313
      195        3.671        4.817            0      338.026       57.746       99.098
      196        4.104        4.464            0      331.270       58.229       97.268
      197        3.524        4.665            0      342.311       62.059       97.762
      198        3.222        5.041            0      353.344       88.504       95.376
      199        3.438        4.649            0      344.230       55.908       96.733
      200        3.621        4.650            0      347.444       69.913       96.520
      201        3.640        4.651            0      348.029       70.839       97.186
      202        3.134        4.614            0      338.113       60.806       95.411
      203        3.347        4.907            0      350.208       75.407      100.088
      204        3.371        4.558            0      338.053       62.192       94.856
      205        3.140        4.988            0      348.023       62.393       99.142
      206        3.647        4.538            0      339.572       74.306       96.849
      207        3.649        4.578            0      336.975       70.519       96.332
      208        3.461        4.684            0      343.904       71.137       97.281
      209        3.924        4.617            0      339.160       64.399       97.507
      210        3.365        4.650            0      344.717       65.604       97.402
      211        3.765        4.528            0      347.891       69.016       97.146
      212        3.902        4.491            0      346.297       57.965       99.000
      213        3.230        4.817            0      348.629       86.621       96.555
      214        3.630        4.591            0      337.268       70.729       97.804
      215        4.494        4.130            0      325.219       80.270       95.805
      216        3.895        4.334            0      326.716       48.246       96.812
      217        4.193        4.154            0      328.012       66.349       92.338
      218        4.483        4.268            0      330.647      111.151       95.954
      219        3.503        4.488            0      326.325       64.286       98.998
      220        3.717        4.481            0      324.684       70.551       96.049
      221        4.193        4.466            0      329.695       64.708       95.348
      222        3.934        4.468            0      333.052       74.676       97.312
      223        4.048        4.505            0      331.155       70.128       96.239
      224        3.815        4.537            0      329.871       67.343       98.110
      225        3.853        4.506            0      321.896       84.778       96.883
      226        3.686        4.417            0      334.897       89.093       97.141
      227        3.496        4.360            0      328.737       62.676       97.294
      228        4.014        4.196            0      329.335       74.477       97.481
      229        4.607        3.948            0      316.948       71.670       92.425
      230        3.322        4.800            0      346.167       71.492       99.391
      231        3.351        4.830            0      351.095       89.637       95.212
      232        3.555        4.404            0      330.203       52.019       95.847
      233        3.477        4.658            0      338.834       65.534       99.936
      234        3.738        4.544            0      345.488       60.377       96.247
      235        3.704        4.534            0      346.907       68.011       95.659
      236        3.560        4.687            0      342.459       61.014       96.375
      237        3.203        4.906            0      345.114       72.990       98.122
      238        3.793        4.708            0      353.269       68.323       94.508
      239        3.858        4.504            0      335.249       79.029       97.272
      240        3.616        4.664            0      343.444       56.442       97.647
      241        3.682        4.540            0      346.073       84.854      100.140
      242        3.706        4.625            0      352.830       78.764      100.707
      243        4.154        4.329            0      333.126       99.157       97.704
      244        3.508        4.525            0      333.987       55.668       98.147
      245        3.302        4.623            0      339.028       68.959       95.882
      246        2.949        4.746            0      341.448       78.449       96.217
      247        3.923        4.476            0      333.582       59.465       97.636
      248        4.362        4.160            0      322.166       69.903      100.100
      249        4.298        4.273            0      342.326       90.183       84.434
      250        4.221        4.331            0      331.651      116.398       85.807
      251        4.537        4.079            0      329.143       79.063       83.630
      252        4.564        4.224            0      332.519       96.243       82.520
      253        4.624        4.047            0      318.535       88.292       86.821
      254        4.586        4.135            0      326.235      115.632       87.976
      255        4.588        4.201            0      327.511      118.931       82.428
      256        4.444        4.146            0      325.360       79.700       96.238
      257        4.612        3.940            0      323.151       62.451       94.531
      258        4.899        3.766            0      307.950       84.461       86.137
      259        4.601        3.759            0      319.817       40.313       77.353
      260        4.673        3.924            0      318.741       64.640       97.520
      261        4.316        4.140            0      325.570       88.419       92.554
      262        4.880        3.792            0      317.449       71.372       84.723
      263        4.444        4.116            0      318.888       82.066       84.724
      264        4.378        4.222            0      325.562       98.449       96.490
      265        4.622        4.242            0      325.454       96.380       97.790
      266        4.591        4.127            0      326.778       91.984       79.804
      267        4.589        3.883            0      323.029       56.788       84.329
      268        4.813        4.072            0      320.348       65.256       89.535
      269        4.215        4.314            0      331.570       79.969       96.806
      270        3.902        4.364            0      329.759      121.538       92.428
      271        4.589        4.253            0      322.514      127.023       92.802
      272        4.635        4.043            0      322.999      101.615       70.144
      273        4.906        3.758            0      307.466       86.529       91.735
      274        4.638        3.621            0      302.270       56.153       91.233
      275        4.773        3.661            0      307.625       68.397       90.636
      276        4.879        3.551            0      301.517       89.876       79.562
      277        4.848        3.775            0      313.675       73.564       84.590
      278        4.597        3.998            0      321.303       62.508       86.753
      279        4.692        3.803            0      313.180       57.821       85.808
      280        5.021        3.628            0      300.977       62.562       81.687
      281        4.812        3.573            0      307.635       60.042       70.482
      282        4.618        4.125            0      325.412      112.196       83.101
      283        3.921        4.549            0      337.598       62.218       95.873
      284        3.027        4.991            0      349.835       77.493       96.904
      285        2.976        4.939            0      340.934       71.502       97.776
      286        3.381        4.856            0      354.189       67.051       95.664
      287        3.564        4.542            0      335.848       51.035       96.236
      288        3.702        4.652            0      335.979       43.991       96.730
      289        3.896        4.482            0      327.495       48.319       95.035
      290        4.150        4.269            0      328.180       44.766       97.267
      291        3.625        4.685            0      328.206       40.784       97.500
      292        3.599        4.725            0      344.331       61.453       96.237
      293        3.505        4.559            0      327.525       53.252       96.128
      294        3.884        4.140            0      320.515       38.822       94.118
      295        3.881        4.302            0      324.067       37.812       95.135
      296        3.814        4.684            0      333.643       61.933       95.805
      297        3.247        4.831            0      343.338       82.238       94.489
      298        3.534        4.566            0      331.983       39.601       96.055
      299        3.887        4.447            0      326.600       50.388       95.539
      300        3.597        4.628            0      332.224       98.835       95.276
      301        3.778        4.379            0      328.989       80.086       93.426
      302        3.728        4.405            0      335.802       51.097       90.748
      303        4.084        4.207            0      327.576       56.239       93.311
      304        3.377        4.446            0      327.139       58.254       98.185
      305        4.248        4.103            0      315.330       67.474       96.245
      306        3.683        4.334            0      322.448       68.370       93.824
      307        4.116        4.262            0      329.728       44.129       97.423
      308        3.888        4.415            0      321.998       70.680       97.261
      309        3.798        4.553            0      332.876       81.703       97.399
      310        3.409        4.580            0      334.575       48.335       93.493
      311        3.670        4.338            0      328.096       65.910       93.576
      312        3.608        4.557            0      334.576       64.264       95.821
      313        4.018        4.289            0      325.847       40.498       93.084
      314        3.462        4.604            0      346.686       96.224       99.634
      315        3.076        4.848            0      339.687       99.675       97.026
      316        3.196        4.839            0      341.061       68.194       98.785
      317        3.357        4.832            0      345.186       47.923       96.467
      318        3.520        4.685            0      346.810       64.986       97.507
      319        3.724        4.607            0      343.719       75.126       98.539
      320        3.827        4.496            0      336.991       76.697       99.349
      321        3.699        4.536            0      333.679       52.120       96.367
      322        3.445        4.791            0      352.468       65.126       95.817
      323        3.442        4.722            0      344.275       57.245       97.205
      324        3.233        4.888            0      344.734       66.774       96.408
      325        3.291        4.920            0      352.525       67.092       97.257
      326        3.268        4.893            0      342.118       76.601       96.810
      327        3.012        4.932            0      346.014       80.478       97.181
      328        3.299        4.726            0      333.600       68.526       95.934
      329        3.541        4.871            0      347.036       86.617       96.426
      330        3.505        4.759            0      336.327      102.086       95.521
      331        3.315        4.723            0      346.446       82.654       96.098
      332        3.420        4.737            0      344.256      122.828       94.689
      333        3.532        4.467            0      324.748      113.105       96.870
      334        3.545        4.508            0      332.246      130.121       97.012
      335        3.832        4.430            0      330.654      116.161       93.232
      336        2.673        5.109            0      346.519      121.538       97.814
      337        3.684        4.644            0      328.801      124.927       98.510
      338        3.448        4.663            0      343.946      100.016       98.267
      339        3.341        4.989            0      355.259       89.688      100.733
      340        3.638        4.559            0      338.623       64.631       95.995
      341        3.338        4.731            0      342.691       63.104       97.633
      342        3.295        4.629            0      339.975       85.376       97.321
      343        3.639        4.601            0      348.371       75.228       96.690
      344        3.622        4.683            0      352.769       74.055       95.810
      345        3.810        4.481            0      342.174       61.281       95.655
      346        3.724        4.457            0      334.371       78.330       98.189
      347        3.662        4.645            0      347.975       85.480       96.497
      348        3.644        4.612            0      346.438       57.874       95.618
      349        3.438        4.726            0      348.464      118.193       96.268
      350        3.286        4.857            0      338.686       97.786       98.011
      351        4.161        4.143            0      328.000       84.485       94.713
      352        4.639        3.916            0      320.960       93.036       76.399
      353        4.345        4.195            0      332.056       81.772       92.727
      354        4.447        4.143            0      334.787       91.977       83.634
      355        4.399        4.282            0      334.899       69.760       96.364
      356        4.360        4.304            0      337.761       68.434       99.738
      357        4.629        4.056            0      322.462       68.273       98.318
      358        4.289        4.298            0      336.886       61.290       99.181
      359        4.064        4.226            0      334.023      117.941       98.282
      360        4.377        4.185            0      344.653       83.447       89.489
      361        4.370        4.129            0      340.657       95.248       87.815
      362        3.837        4.380            0      338.999      116.731       96.422
      363        4.243        4.168            0      323.444      120.703       84.342
      364        4.362        4.074            0      324.553       97.309       90.432
      365        4.394        4.255            0      323.762      114.577       82.533
      366        4.084        4.438            0      336.845      100.828       94.165
      367        4.435        4.065            0      325.344       96.350       74.143
      368        4.249        4.052            0      317.234      103.200       79.912
      369        4.523        4.150            0      322.626      116.434       81.149
      370        4.405        3.969            0      326.262      115.552       85.247
      371        4.601        3.894            0      327.916       85.017       53.116
      372        4.655        3.865            0      318.585       86.051       64.385
      373        4.903        3.953            0      322.578      112.461       72.947
      374        4.716        4.063            0      337.733       89.114       86.509
      375        4.714        3.923            0      332.279      102.726       83.232
      376        4.811        3.958            0      325.343       98.910       79.428
      377        4.319        3.858            0      325.410      107.159       91.162
      378        4.549        4.047            0      336.038       91.772       92.757
      379        4.593        3.742            0      313.621       81.855       70.795
      380        4.596        4.001            0      338.332       91.474       85.615
      381        4.451        3.970            0      320.092      129.888       73.223
      382        4.597        4.031            0      319.838      116.038       79.619
      383        4.912        3.883            0      323.275       84.860       72.285
      384        4.775        3.795            0      319.730      104.232       84.615
      385        4.714        3.941            0      319.111       69.600       83.553
      386        4.771        3.813            0      320.370       95.920       74.946
      387        4.710        3.881            0      325.540      105.714       76.320
      388        4.497        3.833            0      322.774      140.222       75.458
      389        3.379        4.643            0      343.272      134.262       96.859
      390        3.192        4.681            0      348.264       97.177       82.706
      391        2.872        5.013            0      352.931       86.785       95.718
      392        2.582        5.250            0      349.157      106.689       96.286
      393        2.759        5.210            0      348.725      191.742       96.412
      394        4.257        4.009            0      317.224      110.492       93.604
      395        3.753        4.458            0      336.536      178.340       96.937
      396        4.291        3.964            0      323.432      109.917       93.066
      397        4.004        4.225            0      325.072       89.834       94.222
      398        3.918        4.517            0      329.909      116.368       97.378
      399        4.468        4.167            0      321.977      119.899       91.861
      400        4.152        4.370            0      336.601      126.620       92.707
      401        4.107        4.421            0      321.521       73.716       96.500
      402        4.388        4.090            0      319.633      131.867       98.655
      403        4.089        4.356            0      326.850      151.038       97.419
      404        3.902        4.319            0      330.327      107.298       93.110
      405        2.266        4.848            0      337.454      141.300       91.478
      406        3.470        4.327            0      331.125      170.443       94.934
      407        4.640        4.000            0      319.431      112.044       83.457
      408        3.768        4.429            0      331.944      123.827       96.257
      409        3.648        4.426            0      338.693      121.274       93.698
      410        4.365        3.970            0      319.272      123.252       95.344
      411        4.375        4.137            0      329.749      160.801       80.931
      412        4.381        4.223            0      320.954      161.734       96.698
      413        3.551        4.526            0      333.806      153.395      100.033
      414        4.080        4.318            0      328.697      118.599       96.183
      415        4.223        4.141            0      334.069      158.193       96.873
      416        3.897        4.260            0      338.696      116.698       90.204
      417        4.319        4.136            0      330.955      137.458       96.061
      418        3.978        4.422            0      330.571      135.691       90.480
      419        4.665        3.917            0      319.668       93.310       90.777
      420        4.681        3.837            0      319.424       81.746       74.181
      421        4.800        3.955            0      330.290       87.642       76.866
      422        4.241        3.937            0      332.279      135.721       82.681
      423        4.264        3.869            0      318.021      112.022       93.985
      424        4.769        3.862            0      316.646      143.443       77.942
      425        4.301        3.963            0      324.176      191.033       93.857
      426        3.779        4.099            0      333.611      157.253       94.078
      427        4.042        3.997            0      325.150      138.740       94.033
      428        4.044        4.021            0      326.620      182.069       91.301
      429        3.817        4.352            0      337.698      205.458       98.279
      430        3.585        4.004            0      320.804      144.866       97.443
      431        3.860        4.290            0      330.119      147.379       98.442
      432        4.036        4.418            0      332.563      162.545       97.470
      433        4.441        4.017            0      323.226      126.423       91.909
      434        3.992        4.149            0      318.382      142.182       92.663
      435        4.288        4.182            0      320.120      111.029       76.498
      436        4.548        4.249            0      329.204      117.616       93.816
      437        4.329        4.409            0      328.182      137.525       95.677
      438        4.096        4.389            0      328.006      144.850       96.392
      439        4.385        4.225            0      326.509      151.167       95.110
      440        4.630        4.163            0      325.433      108.348       79.615
      441        4.248        4.295            0      315.944      114.670       95.367
      442        4.047        4.418            0      337.233      143.340       93.241
      443        4.538        4.030            0      325.413      161.562       97.820
      444        4.358        4.172            0      323.417      101.958       73.815
      445        4.769        3.960            0      319.691      119.881       89.216
      446        4.654        3.859            0      322.709      115.325       74.289
      447        4.697        3.791            0      317.833       91.246       78.954
      448        4.250        4.213            0      325.668      114.354       95.647
      449        4.244        4.034            0      323.947       71.495       90.179
      450        3.981        4.248            0      320.753       91.732       97.447
      451        4.074        4.163            0      328.319      104.407       93.441
      452        3.845        4.693            0      354.368       91.601       98.701
      453        3.287        4.703            0      334.271       93.864       99.899
      454        3.754        4.583            0      323.098      101.487       97.420
      455        4.322        4.023            0      330.011      101.704       88.441
      456        4.868        4.030            0      314.022       73.362       86.120
      457        4.683        3.880            0      322.109       92.988       72.112
      458        4.514        3.948            0      315.665       77.695       82.602
      459        4.556        4.036            0      318.552      122.871       94.326
      460        4.442        3.855            0      314.996       83.493       89.452
      461        4.407        4.023            0      318.536       84.698       92.012
      462        4.238        4.144            0      325.984       90.893       79.259
      463        4.610        4.211            0      336.769      122.445       88.289
      464        4.580        3.995            0      318.985      104.326       92.058
      465        4.081        4.220            0      323.624      112.881       91.539
      466        3.619        4.382            0      326.503       94.446       95.885
      467        4.131        4.162            0      315.951       72.924       90.612
      468        4.715        3.923            0      324.306       74.338       74.680
      469        3.704        4.659            0      328.826       89.300       94.930
      470        2.959        5.079            0      348.430      119.667       95.848
      471        3.958        4.389            0      335.213      120.586       93.287
      472        3.847        4.362            0      335.365      115.104       92.039
      473        3.432        4.733            0      341.439      142.569       91.528
      474        4.459        3.953            0      317.929      110.499       90.100
      475        4.358        4.347            0      321.845      132.621       97.779
      476        4.320        4.140            0      328.907      108.604       94.944
      477        4.702        3.930            0      326.165      102.297       71.979
      478        4.456        3.902            0      311.526       79.241       92.380
      479        4.514        4.005            0      326.187       73.829       90.281
      480        3.832        4.370            0      325.030       72.472       97.929
      481        3.655        4.755            0      334.644       76.357       97.927
      482        3.982        4.392            0      337.175       86.635       95.636
      483        4.147        4.270            0      338.628       95.648       96.355
      484        4.486        3.955            0      325.053       92.461       89.409
      485        4.777        3.983            0      318.703       93.741       74.167
      486        4.211        4.320            0      343.806       80.632       96.871
      487        4.040        4.385            0      336.987       71.887       95.662
      488        3.539        4.246            0      321.893       84.645       96.961
      489        3.960        4.463            0      335.585       67.639       99.406
      490        3.969        4.084            0      321.559       93.434       89.430
      491        3.131        4.793            0      330.758       81.883       91.165
      492        3.595        4.796            0      351.862       81.682       98.585
      493        3.437        4.637            0      344.467      120.069       89.552
      494        3.565        4.728            0      337.152       81.608       97.438
      495        3.694        4.687            0      333.305       96.707       98.048
      496        3.310        4.670            0      336.469      113.333       95.818
      497        3.460        4.483            0      334.353      116.564       95.218
      498        4.677        3.926            0      320.002      107.173       82.362
      499        4.247        4.055            0      329.184       98.959       81.889
      500        3.699        4.320            0      335.487      110.670       89.590
      501        4.283        3.906            0      313.332       99.382       81.981
      502        4.084        4.216            0      330.764      105.143       91.659
      503        3.759        4.341            0      325.064       84.685       94.284
      504        3.893        4.311            0      332.562       88.460       93.770
      505        4.059        4.446            0      336.520      104.992       97.127
      506        3.897        4.321            0      333.720      103.327       93.043
      507        3.377        4.370            0      323.232      102.692       99.801
      508        3.596        4.440            0      335.579      100.559       99.326
      509        3.611        4.664            0      333.570       99.800       97.510
      510        4.403        4.278            0      325.596      109.444       92.707
      511        4.378        4.185            0      324.375       82.499       76.708
      512        4.476        4.024            0      329.973      130.263       80.678
      513        4.551        4.149            0      321.902      154.103       93.709
      514        4.346        4.048            0      319.759       89.541       88.078
      515        3.420        4.719            0      347.595      133.243       93.540
      516        3.686        4.102            0      323.997      148.395       94.319
      517        3.409        4.257            0      327.042      121.989       96.357
      518        3.579        4.316            0      329.587      100.806       95.804
      519        2.975        4.394            0      325.826      129.645       96.152
      520        4.293        3.721            0      306.235      103.234       77.227
      521        3.984        4.341            0      334.456      136.755       92.578
      522        4.326        4.216            0      321.780      129.440       95.657
      523        4.046        4.381            0      333.236      129.948       94.148
      524        4.168        4.139            0      336.677      132.164       80.101
      525        3.993        4.099            0      336.634      108.225       90.119
      526        3.662        4.365            0      324.310       81.350       98.121
      527        4.286        4.218            0      325.574      130.003       95.711
      528        4.350        4.062            0      317.956      124.666       97.274
      529        4.146        4.044            0      330.204      105.746       93.911
      530        4.007        4.029            0      324.261      124.248       94.760
      531        4.433        3.928            0      319.180      135.431       92.973
      532        4.176        3.922            0      324.029       80.254       94.438
      533        4.233        4.049            0      319.650       98.894       99.338
      534        4.182        3.857            0      322.086       83.956       94.857
      535        4.331        4.151            0      335.797       85.508       96.033
      536        4.632        4.048            0      336.128       85.064       88.559
      537        4.342        3.818            0      311.879       53.419       90.770
      538        4.368        3.829            0      316.786       62.493       90.738
      539        4.491        3.643            0      307.736       70.402       91.540
      540        4.509        3.710            0      310.277       56.338       90.564
      541        4.366        3.853            0      315.891       81.585       93.980
      542        4.503        3.924            0      316.713      108.274       86.872
      543        4.591        3.833            0      315.348       92.919       84.352
      544        4.150        4.035            0      335.387      103.625       94.424
      545        4.319        3.999            0      324.236       88.819       95.139
      546        4.824        3.755            0      316.615      151.446       52.516
      547        4.270        3.751            0      309.168       69.193       93.284
      548        4.859        3.742            0      309.819       87.485       72.249
      549        4.252        3.820            0      314.689       74.985       91.702
      550        4.334        3.723            0      310.942       65.353       90.768
      551        4.088        3.980            0      327.970       70.493       93.218
      552        4.525        4.050            0      327.681       76.600       80.199
      553        4.307        4.123            0      342.586       77.063       92.324
      554        4.228        3.881            0      319.103       72.014       95.982
      555        4.074        4.048            0      321.991       94.828       94.494
      556        4.132        3.978            0      324.779       86.804       89.913
      557        4.114        3.874            0      323.879       69.197       95.435
      558        4.144        3.926            0      323.115       51.354       97.228
      559        4.199        3.933            0      322.626       51.798       91.749
      560        4.468        3.866            0      322.869       84.301       86.497
      561        4.452        3.827            0      313.986       83.213       92.599
      562        4.700        3.878            0      325.456      100.806       91.066
      563        4.475        4.063            0      323.546       92.102       95.325
      564        4.491        4.023            0      328.042       80.967       89.096
      565        4.297        4.008            0      327.867       68.959       93.170
      566        4.494        4.131            0      335.586      112.198       96.341
      567        4.622        4.016            0      327.573       78.966       82.818
      568        4.376        4.062            0      329.236      127.936       90.000
      569        4.575        3.716            0      308.514       61.880       86.614
      570        4.214        3.833            0      323.470       62.521       86.608
      571        4.753        3.860            0      320.323       53.742       73.262
      572        4.320        3.911            0      323.270       98.677       93.998
      573        4.334        3.932            0      324.663       68.256       84.098
      574        4.434        3.959            0      320.612       98.052       83.137
      575        4.463        4.018            0      318.182       82.188       92.350
      576        4.500        3.968            0      313.171       98.773       91.774
      577        4.186        3.811            0      323.653       71.930       88.455
      578        4.417        3.845            0      324.547       77.288       93.474
      579        4.763        4.021            0      322.680       78.149       81.737
      580        4.260        4.148            0      334.911      104.933       93.084
      581        4.270        3.945            0      322.267       67.530       96.857
      582        4.287        4.016            0      331.517       71.803       96.681
      583        4.354        3.885            0      320.564       68.946       92.757
      584        4.371        3.912            0      321.240       55.453       95.458
      585        4.090        3.959            0      327.583       59.072       94.468
      586        4.283        3.838            0      320.673       51.247       94.428
      587        4.270        3.873            0      321.823       72.047       93.565
      588        4.206        3.797            0      322.774       69.083       72.420
      589        4.003        4.147            0      328.785       76.756       96.986
      590        4.287        3.953            0      326.206       82.882       94.001
      591        4.214        3.948            0      326.828       86.914       96.506
      592        4.415        3.997            0      324.302      110.270       90.078
      593        4.380        3.941            0      325.314      122.334       94.965
      594        4.121        4.013            0      328.217       97.536       95.477
      595        4.167        4.185            0      340.301       67.720       97.407
      596        4.426        3.880            0      313.314       79.762       93.628
      597        4.672        3.823            0      312.110       47.006       93.974
      598        4.272        3.892            0      320.045       68.028       92.432
      599        4.603        4.170            0      323.120       83.218       96.155
      600        4.596        3.816            0      316.635       50.186       92.075
      601        4.614        3.977            0      333.444       96.807       59.568
      602        4.471        3.727            0      313.962       54.907       98.898
      603        4.591        3.746            0      316.777       72.477       88.518
      604        4.773        3.727            0      311.717       45.457       85.586
      605        4.550        3.977            0      316.514       82.867       94.373
      606        4.498        3.931            0      322.316       77.589       96.207
      607        4.675        3.761            0      316.527       55.019       91.866
      608        4.653        3.913            0      323.930       64.450       84.220
      609        4.617        3.757            0      318.806       58.443       65.998
      610        4.851        3.857            0      319.145       55.144       81.417
      611        4.631        3.800            0      320.365       71.386       77.541
      612        4.624        3.931            0      330.279       83.721       85.036
      613        5.067        3.829            0      312.973       54.399       78.513
      614        4.957        3.874            0      316.302       69.710       76.924
      615        4.860        3.690            0      313.954       46.020       70.684
      616        5.026        3.728            0      307.091       76.063       75.986
      617        4.702        4.127            0      320.726       78.051       94.382
      618        4.658        3.816            0      318.324      113.707       73.630
      619        4.941        3.803            0      317.267      105.714       70.423
      620        4.822        3.837            0      316.519       55.625       92.468
      621        4.868        3.752            0      317.453       58.839       75.218
      622        4.801        3.767            0      309.911       52.964       78.987
      623        4.813        3.798            0      312.166       56.324       78.131
      624        4.845        3.793            0      319.601       65.599       78.105
      625        4.696        3.608            0      307.396       53.145       83.257
      626        4.748        3.914            0      323.899       74.055       65.766
      627        4.527        3.950            0      327.661       99.616       66.035
      628        4.764        3.798            0      315.171       59.859       81.588
      629        4.845        3.796            0      316.540       69.795       82.538
      630        4.607        3.732            0      311.905       70.269       88.621
      631        4.586        3.847            0      314.992      104.974       94.323
      632        4.444        3.948            0      322.336       87.419       90.495
      633        4.680        3.864            0      320.704       62.868       87.148
      634        4.736        3.693            0      311.552       74.273       76.514
      635        4.327        3.853            0      320.575       60.127       90.449
      636        4.502        3.899            0      320.665       75.696       95.352
      637        4.428        3.877            0      326.415       64.719       93.361
      638        4.585        3.761            0      315.455       72.880       93.514
      639        4.753        3.865            0      321.566       64.378       73.811
      640        4.050        3.925            0      320.468      108.379       95.171
      641        4.585        3.823            0      315.117       98.144       88.327
      642        4.225        3.896            0      323.817       85.774       94.350
      643        4.182        3.935            0      324.449       52.227       96.169
      644        4.060        3.846            0      319.856       53.255       90.135
      645        4.443        3.843            0      320.281       67.328       89.140
      646        4.029        3.835            0      319.302       68.910       91.320
      647        4.260        3.904            0      328.824       65.533       90.716
      648        4.069        4.036            0      329.675       58.037       94.691
      649        3.399        4.415            0      339.238       53.559       91.389
      650        3.963        4.001            0      333.103       53.354       92.650
      651        4.490        3.898            0      323.384       44.259       87.559
      652        4.218        3.896            0      323.400       61.484       83.692
      653        3.640        4.239            0      335.108       45.376       89.083
      654        4.412        3.731            0      316.560       71.863       86.793
      655        4.304        3.833            0      319.347       35.617       96.624
      656        4.189        3.780            0      319.434       64.810       71.849
      657        4.159        3.947            0      330.101       56.994       92.588
      658        4.359        3.897            0      323.940       62.280       93.947
      659        4.749        3.865            0      323.175       53.101       86.091
      660        4.699        3.894            0      318.101      100.573       83.732
      661        4.713        4.028            0      334.329       93.817       85.234
      662        4.848        4.012            0      331.477      119.703       79.624
      663        4.956        3.873            0      314.009       73.461       90.651
      664        4.116        3.878            0      319.276       53.654       95.102
      665        4.043        3.918            0      323.312       53.300       88.130
      666        3.902        4.058            0      333.341       41.259       92.933
      667        4.858        3.857            0      315.623       78.929       86.729
      668        4.173        3.824            0      316.005       39.990       95.072
      669        4.278        3.811            0      322.346       56.245       86.539
      670        4.247        3.865            0      326.464       49.207       86.154
      671        4.029        3.964            0      323.948       72.100       91.922
      672        4.322        3.856            0      322.000       47.253       93.637
      673        3.763        4.260            0      340.813       74.857       95.009
      674        4.289        4.062            0      317.998       71.490       91.478
      675        4.159        4.047            0      333.813       99.935       97.711
      676        3.866        3.938            0      325.977       53.924       90.682
      677        4.337        3.869            0      325.318       67.400       83.902
      678        4.781        3.745            0      315.266       52.822       70.641
      679        4.203        3.846            0      321.479       36.632       90.662
      680        4.436        3.902            0      325.307       47.159       95.652
      681        5.043        3.726            0      310.188       56.896       71.413
      682        4.829        3.765            0      318.611       82.811       74.847
      683        4.674        3.981            0      325.819       99.068       90.861
      684        4.426        3.910            0      323.814       87.745       96.450
      685        4.847        3.923            0      317.029       91.663       89.455
      686        4.177        3.859            0      322.659       64.789       88.806
      687        4.141        3.861            0      325.367       74.943       87.201
      688        4.215        3.866            0      323.862       45.087       91.459
      689        4.050        3.886            0      323.908       54.025       93.217
      690        3.915        4.027            0      336.106       70.016       92.942
      691        4.236        3.753            0      319.208       59.446       81.206
      692        4.058        3.989            0      327.868       37.928       96.892
      693        3.967        3.945            0      325.597       61.623       89.259
      694        4.128        3.903            0      324.957       53.119       90.398
      695        4.024        4.005            0      330.960       58.979       90.583
      696        4.049        4.051            0      326.088       37.692       94.988
      697        4.016        3.888            0      323.096       44.719       94.394
      698        4.002        3.944            0      326.325       59.088       95.045
      699        4.356        3.836            0      326.349       44.816       88.157
      700        4.318        3.790            0      318.544       53.142       95.267
      701        4.296        3.704            0      315.860       32.493       94.608
      702        4.399        3.814            0      323.373       40.321       89.867
      703        4.185        3.937            0      327.862       38.886       95.427
      704        4.350        3.798            0      313.951       21.196       92.417
      705        4.106        4.023            0      329.140       46.348       98.203
      706        4.245        4.012            0      335.608       49.414       90.798
      707        4.365        3.795            0      320.523       31.932       91.739
      708        4.404        3.801            0      323.088       32.581       93.988
      709        4.323        3.842            0      322.679       33.025       88.049
      710        4.174        3.936            0      327.740       42.705       94.769
      711        4.237        3.822            0      322.062       31.974       94.165
      712        4.490        3.753            0      316.480       34.764       91.665
      713        4.378        3.901            0      326.729       37.197       76.421
      714        3.997        4.149            0      337.227       45.366       86.409
      715        4.046        4.011            0      328.866       34.287       93.873
      716        4.363        3.939            0      323.331       51.258       95.429
      717        4.500        3.689            0      314.781       43.690       80.670
      718        4.703        4.020            0      321.116       95.619       90.953
      719        4.641        3.766            0      317.070       54.732       85.294
      720        4.328        3.717            0      316.452       48.282       82.394
      721        4.225        3.976            0      334.653       50.991       77.441
      722        4.361        3.811            0      322.599       59.035       67.097
      723        4.047        4.044            0      329.289       45.146       94.996
      724        4.322        3.924            0      327.810       47.246       69.664
      725        4.758        3.929            0      314.135       74.090       85.423
      726        4.764        3.741            0      308.661       43.547       92.760
      727        4.219        3.826            0      318.426       91.144       93.436
      728        4.200        3.680            0      312.707       57.407       76.561
      729        4.551        3.807            0      311.528       43.984       96.582
      730        4.211        3.909            0      327.132       43.800       92.951
      731        4.308        3.887            0      327.161       66.238       94.712
      732        4.237        3.846            0      320.957       47.575       95.145
      733        4.780        3.725            0      312.316       59.328       78.196
      734        4.219        3.886            0      322.252       41.741       94.827
      735        4.237        3.880            0      321.591       41.065       91.854
      736        4.501        3.818            0      320.988       43.884       97.808
      737        4.730        3.750            0      320.448       40.959       75.513
      738        4.360        3.837            0      314.156       49.415       96.020
      739        4.298        3.878            0      324.768       46.590       94.271
      740        4.328        3.849            0      322.132       47.315       93.253
      741        4.292        3.830            0      316.653       33.700       95.242
      742        4.144        3.939            0      331.015       50.377       93.050
      743        4.244        3.862            0      326.768       27.045       94.446
      744        4.036        3.945            0      322.179       33.715       93.891
      745        4.354        3.880            0      327.409       39.865       70.478
      746        4.467        3.823            0      323.110       40.199       81.808
      747        4.497        3.841            0      319.583       36.091       89.179
      748        4.614        3.839            0      313.213       49.057       92.642
      749        4.323        3.854            0      321.560       44.857       95.110
      750        4.358        4.013            0      318.600       53.380       98.638
      751        4.356        4.042            0      329.347       42.538       95.387
      752        4.424        4.028            0      329.909       67.188       91.737
      753        4.347        3.840            0      321.510       50.163       93.240
      754        4.245        3.899            0      325.511       59.267       96.527
      755        4.380        3.900            0      328.002       39.823       92.985
      756        4.467        3.813            0      318.000       26.829       93.462
      757        4.159        3.861            0      321.413       32.827       93.512
      758        4.621        3.757            0      319.372       23.093       78.865
      759        4.121        3.853            0      319.708       47.767       90.302
      760        4.928        3.884            0      316.355       33.189       90.874
      761        4.773        3.808            0      311.251       35.318       82.711
      762        4.884        3.815            0      315.368       33.677       84.797
      763        4.187        4.005            0      326.964       60.494       95.465
      764        4.407        3.920            0      331.002       67.613       88.348
      765        4.308        3.974            0      327.947       67.449       98.252
      766        4.081        4.113            0      337.034       48.498      100.375
      767        4.488        3.821            0      322.463       76.870       74.268
      768        4.520        3.748            0      316.066       48.014       77.310
      769        4.914        3.718            0      307.340       33.738       72.408
      770        4.694        3.779            0      318.774       48.077       70.174
      771        4.580        3.912            0      323.878       63.368       83.033
      772        4.471        3.671            0      315.845       52.489       85.658
      773        4.672        3.800            0      318.217       33.066       72.586
      774        4.593        3.948            0      325.135       65.722       55.764
      775        4.670        3.828            0      314.509       58.517       66.754
      776        4.489        4.015            0      323.347       91.377       72.520
      777        4.636        3.898            0      312.777       81.734       89.923
      778        4.712        3.800            0      323.006       45.313       57.794
      779        4.830        3.886            0      314.945       49.830       83.714
      780        4.309        3.830            0      319.366       63.333       93.936
      781        4.280        3.933            0      324.408       60.941       94.847
      782        4.438        3.902            0      322.182       71.542       92.822
      783        4.423        3.826            0      323.526       62.519       73.602
      784        4.733        3.806            0      322.911       84.547       76.537
      785        4.452        3.805            0      316.727       59.204       57.420
      786        4.758        3.762            0      311.053       63.761       74.632
      787        4.485        3.702            0      316.061       66.281       85.833
      788        4.392        3.830            0      320.096       73.257       92.519
      789        4.384        3.757            0      311.100       52.887       96.216
      790        3.867        4.265            0      335.282       45.028       99.097
      791        3.693        4.248            0      331.101       63.016       86.116
      792        3.897        4.053            0      325.229       30.249       91.466
      793        4.019        3.909            0      320.419       62.100       91.545
      794        4.070        3.938            0      321.519       50.756       92.540
      795        3.908        4.009            0      330.236       60.766       91.134
      796        4.025        3.986            0      322.742       52.710       90.447
      797        4.032        3.913            0      319.553       59.944       92.757
      798        3.242        4.526            0      337.132       68.724       93.811
      799        3.944        4.079            0      327.207       55.716       85.768
      800        3.791        4.285            0      334.530       77.712       65.032
      801        3.832        4.150            0      332.294       50.916       71.762
      802        3.805        4.240            0      338.426       58.297       91.107
      803        3.868        4.115            0      326.015       36.313       72.112
      804        3.678        4.285            0      330.506       54.345       88.109
      805        4.321        3.880            0      319.210       77.458       90.566
      806        3.787        4.052            0      332.834       48.721       94.156
      807        4.336        3.822            0      323.209       65.010       88.067
      808        4.642        3.687            0      313.287       96.230       83.214
      809        4.304        3.804            0      315.085       60.723       91.975
      810        4.357        4.001            0      331.211      100.895       73.020
      811        4.188        3.884            0      317.721       56.117       96.477
      812        4.143        3.944            0      323.388       57.197       92.419
      813        4.681        3.807            0      313.848      111.864       76.169
      814        4.160        4.013            0      325.713      120.584       94.617
      815        4.455        3.843            0      323.933       82.989       77.925
      816        4.595        3.883            0      319.263       96.970       89.674
      817        4.587        3.878            0      320.710       71.973       92.594
      818        4.636        3.832            0      324.493      106.461       77.295
      819        4.699        3.845            0      322.842      105.017       87.093
      820        4.719        3.736            0      313.121       95.865       89.522
      821        4.420        4.046            0      333.496       98.942       92.217
      822        4.593        3.800            0      314.605       70.057       91.141
      823        4.498        3.737            0      314.152       82.105       95.054
      824        4.496        3.963            0      321.219       84.010       92.167
      825        4.340        3.877            0      320.993       70.074       94.504
      826        4.194        4.017            0      328.096       80.443       95.101
      827        4.531        3.992            0      327.785      104.917       92.456
      828        4.724        3.734            0      310.839       97.097       76.710
      829        4.737        3.802            0      313.030       92.002       88.122
      830        4.734        3.677            0      309.630       99.167       53.454
      831        4.493        3.801            0      320.665       82.342       54.435
      832        3.965        4.033            0      325.773       76.659       96.817
      833        4.593        3.793            0      317.574       78.448       70.606
      834        4.635        3.823            0      325.193       99.582       62.398
      835        4.802        3.663            0      307.644       74.057       63.692
      836        4.517        3.806            0      314.573       60.933       94.512
      837        4.683        4.012            0      324.874      106.896       97.219
      838        4.662        3.988            0      331.392       87.591       69.044
      839        4.704        3.853            0      320.625       90.236       64.754
      840        4.740        3.818            0      322.375       70.777       64.606
      841        4.524        4.035            0      324.432       76.740       95.836
      842        4.532        3.924            0      319.558       81.877       85.096
      843        4.607        3.820            0      321.402       63.367       88.991
      844        4.581        3.863            0      323.140       91.248       84.673
      845        4.631        3.822            0      313.140       67.039       94.547
      846        4.481        3.799            0      311.812       93.460       91.757
      847        4.867        3.891            0      318.642      122.543       72.541
      848        4.553        3.871            0      313.720       84.009       65.692
      849        4.527        4.035            0      325.806       98.533       82.044
      850        3.870        4.149            0      332.665       86.611       82.770
      851        4.161        3.910            0      327.047       61.561       80.807
      852        3.993        4.099            0      334.914       65.191       94.385
      853        4.154        3.822            0      320.404       54.224       72.438
      854        4.042        4.160            0      335.694       64.991       80.865
      855        4.177        3.925            0      323.185       70.982       95.767
      856        3.971        3.862            0      322.516       72.645       69.669
      857        4.628        3.556            0      307.813       91.487       63.239
      858        3.985        4.192            0      336.940       89.607       67.378
      859        4.681        3.810            0      320.969      108.070       72.991
      860        4.278        3.970            0      336.091       93.100       52.534
      861        4.449        3.846            0      320.046       64.407       90.095
      862        4.798        3.834            0      317.095       63.013       79.796
      863        4.722        3.797            0      310.870       51.981       86.960
      864        4.613        3.682            0      312.951       90.287       72.584
      865        4.864        3.751            0      308.487       55.127       74.508
      866        5.048        3.788            0      312.906       73.915       75.095
      867        4.582        3.789            0      315.034       67.285       93.322
      868        4.848        4.022            0      321.351       87.071       83.162
      869        4.628        3.798            0      318.782       71.095       80.792
      870        4.260        3.716            0      310.437       66.124       94.779
      871        4.783        3.849            0      313.986       87.639       91.035
      872        4.855        3.745            0      312.607       58.152       61.914
      873        4.149        3.851            0      324.732       59.959       94.602
      874        3.697        3.987            0      316.530       54.363       91.139
      875        4.122        3.869            0      326.229       57.130       77.486
      876        3.656        4.040            0      324.422       52.304       86.738
      877        3.465        4.009            0      320.893       36.529       82.972
      878        3.345        4.434            0      337.759       76.130       96.750
      879        3.768        4.089            0      330.291       60.485       79.698
      880        4.149        4.031            0      329.998       69.952       78.258
      881        4.015        4.096            0      336.154       59.678       83.456
      882        3.780        4.109            0      330.984       45.136       86.432
      883        3.672        4.142            0      327.050       48.752       97.257
      884        4.191        3.920            0      325.789       35.439       78.074
      885        4.251        3.910            0      326.962       43.121       73.601
      886        4.171        4.040            0      333.814       43.626       84.725
      887        4.291        3.898            0      322.879       45.735       97.728
      888        4.284        3.882            0      318.506       34.194       93.722
      889        3.676        4.154            0      333.285       42.335       95.277
      890        4.622        3.780            0      322.678       55.218       69.236
      891        4.150        3.828            0      323.917       65.851       72.164
      892        3.862        4.068            0      333.490       79.653       81.286
      893        4.766        3.750            0      310.427       69.553       76.196
      894        4.395        4.043            0      344.084       89.872       63.538
      895        4.391        3.777            0      321.887       54.402       63.271
      896        4.600        3.812            0      321.083       64.352       90.948
      897        4.725        3.774            0      316.106       75.233       72.089
      898        4.713        3.713            0      307.036       66.842       91.772
      899        4.882        3.805            0      311.121       56.939       82.175
      900        4.928        3.736            0      311.799       58.484       71.002
      901        4.607        3.837            0      323.576       65.856       90.214
      902        4.484        3.846            0      321.707       66.743       80.369
      903        4.864        3.801            0      320.041       77.435       74.904
      904        4.428        3.585            0      305.902       70.030       66.279
      905        4.756        3.668            0      309.856       74.177       69.871
      906        4.764        3.859            0      323.278       74.676       84.759
      907        4.537        4.023            0      321.630       83.948       95.098
      908        4.369        3.917            0      324.641       88.377       78.501
      909        4.632        3.804            0      315.956       66.657       65.022
      910        4.743        3.834            0      310.939       57.321       77.267
      911        4.512        3.748            0      311.369       54.450       89.244
      912        4.735        3.810            0      314.744       51.969       81.001
      913        4.942        3.759            0      316.197       53.475       69.868
      914        4.761        3.823            0      320.617       92.745       64.321
      915        4.669        3.891            0      322.151       82.511       64.397
      916        4.461        3.766            0      319.854       79.551       85.763
      917        4.714        3.903            0      325.347       78.735       84.262
      918        4.918        3.777            0      312.611       77.340       73.750
      919        4.915        3.914            0      319.279       55.486       80.026
      920        4.862        3.850            0      318.396       54.387       63.639
      921        4.781        3.824            0      318.738       43.085       65.346
      922        3.989        4.049            0      330.897       69.214       92.454
      923        4.148        3.939            0      326.878       55.102       90.996
      924        4.167        3.885            0      326.033       54.588       90.229
      925        4.149        3.942            0      325.965       40.756       96.496
      926        4.169        3.996            0      330.214       62.185       93.268
      927        4.322        3.844            0      319.777       49.662       93.539
      928        4.241        3.796            0      315.997       59.076       91.729
      929        4.389        3.779            0      323.797       62.317       83.060
      930        4.084        3.882            0      321.950       52.937       95.793
      931        4.733        3.928            0      325.054       62.529       93.070
      932        3.941        4.012            0      331.482       36.591       93.133
      933        4.225        3.888            0      322.950       35.544       91.393
      934        5.073        3.805            0      304.530       80.582       84.614
      935        5.008        3.704            0      306.844       62.174       73.138
      936        4.936        3.728            0      313.384       62.780       64.574
      937        3.862        4.067            0      334.911       77.866       89.772
      938        4.326        3.893            0      333.716       52.630       87.464
      939        4.494        3.783            0      323.418       64.450       71.661
      940        4.353        3.928            0      330.086       51.587       80.418
      941        4.454        3.904            0      330.774       43.961       81.106
      942        4.396        3.817            0      323.813       43.126       79.918
      943        4.704        3.749            0      317.142       59.407       74.006
      944        4.604        3.785            0      324.603       76.361       67.113
      945        4.658        3.739            0      322.050       48.856       72.362
      946        4.421        3.901            0      327.056       84.677       79.906
      947        4.654        3.839            0      327.857       71.893       66.487
      948        4.762        4.022            0      317.239      150.322       84.463
      949        4.719        3.837            0      318.603       85.978       75.385
      950        4.417        3.841            0      327.821       76.544       56.325
      951        4.597        3.822            0      328.544       74.377       68.558
      952        4.558        4.043            0      331.622      101.941       68.530
      953        4.816        3.761            0      314.940       84.263       74.534
      954        4.654        3.956            0      324.096       99.465       67.025
      955        4.876        3.586            0      309.552       80.563       47.520
      956        4.435        3.785            0      328.518       80.092       62.514
      957        4.407        4.108            0      330.048       89.764       75.318
      958        4.858        3.642            0      308.843       74.426       71.527
      959        5.036        3.831            0      320.289       87.795       71.464
      960        4.365        4.005            0      320.298      101.073       67.079
      961        4.565        4.038            0      334.512      116.145       85.018
      962        4.850        4.122            0      317.343       89.156       86.606
      963        4.472        4.194            0      335.563       60.585       96.483
      964        4.787        4.133            0      323.037       36.961       98.375
      965        4.279        4.317            0      333.083       80.730       98.847
      966        4.371        4.113            0      323.101       31.837       96.446
      967        4.543        4.153            0      329.627       31.168       97.151
      968        4.432        4.222            0      324.811       36.196       97.930
      969        4.648        4.147            0      326.391       72.791      100.313
      970        4.543        4.195            0      316.561       47.892      100.448
      971        4.418        4.143            0      322.217       45.239       96.140
      972        4.132        4.365            0      336.174       70.705       97.629
      973        4.566        4.141            0      322.636       54.090       97.891
      974        4.789        4.132            0      328.856       43.257       94.570
      975        4.709        4.103            0      318.858       45.748       97.427
      976        4.758        4.098            0      318.326       41.699       99.202
      977        4.531        4.223            0      327.112       66.264       96.811
      978        4.721        4.049            0      320.006       53.474       91.372
      979        4.538        4.202            0      324.742       56.858       97.444
      980        4.533        4.134            0      326.623       65.611       95.889
      981        4.546        4.167            0      325.742       49.212       96.417
      982        4.493        4.246            0      336.088       45.588       97.313
      983        4.525        4.094            0      321.089       54.219       93.321
      984        4.454        4.145            0      315.537       43.442       97.267
      985        4.004        4.568            0      338.678       94.290       95.287
      986        4.046        4.558            0      337.219       89.570      101.175
      987        4.422        4.050            0      319.268       46.815       91.320
      988        4.795        4.037            0      315.424       91.108       95.040
      989        4.459        4.103            0      319.905       79.673       90.808
      990        4.872        3.773            0      310.576       85.787       90.234
      991        5.121        3.775            0      309.199       90.024       83.531
      992        4.964        3.687            0      310.901       76.094       89.308
      993        4.998        3.748            0      306.844       81.267       89.865
      994        4.647        3.683            0      306.510       42.494       93.369
      995        4.698        3.761            0      313.325       50.133       91.148
      996        4.764        3.699            0      312.058       57.812       88.765
      997        4.780        3.763            0      316.778       67.532       90.510
      998        4.739        3.869            0      314.424       64.163       94.553
      999        4.829        3.920            0      317.875       70.521       84.265
     1000        4.940        3.845            0      307.745       84.702       85.620
